5735, 7271, 7670, 7681, 7707, 7901, 7941, 7964, 8105, 8154, 8181, 8201, 8273, 8369, 8440, 8523, 8527, 8556, 8824, 9030, 
4123, 5081, 5295, 5390, 5460, 5606, 5628, 5700, 5740, 5851, 5890, 5948, 5956, 6013, 6030, 6101, 6200, 6823, 6874, 7105, 
6677, 7266, 8481, 8507, 8538, 8562, 8753, 8815, 8825, 8872, 8882, 8971, 9048, 9184, 9337, 9366, 9563, 9833, 9856, 10094, 
1409, 1491, 2613, 2925, 2985, 3087, 3217, 3244, 3302, 3378, 3481, 3556, 3623, 3636, 3876, 3995, 4000, 4061, 4164, 4489, 
2256, 2621, 2854, 2943, 3094, 3223, 3307, 3397, 3559, 3986, 4052, 4121, 4151, 4216, 4319, 4485, 4818, 4874, 5614, 5874, 
4119, 5098, 5285, 5398, 5469, 5621, 5637, 5709, 5731, 5859, 5883, 5941, 5953, 6018, 6043, 6108, 6212, 6820, 6854, 7114, 
5077, 5194, 5267, 5287, 5304, 5329, 5741, 6204, 6391, 6781, 6808, 6848, 6855, 6894, 6949, 7006, 7122, 7266, 7267, 7420, 7652, 
5735, 7271, 7670, 7681, 7707, 7901, 7941, 7964, 8105, 8154, 8181, 8201, 8273, 8369, 8440, 8523, 8527, 8556, 8824, 9030, 
4123, 5081, 5295, 5390, 5460, 5606, 5628, 5700, 5740, 5851, 5890, 5948, 5956, 6013, 6030, 6101, 6200, 6823, 6874, 7105, 
12103, 14068, 14114, 14170, 14289, 14326, 14452, 14665, 14705, 14779, 14810, 14947, 14988, 15005, 15058, 15109, 15139, 15244, 15304, 15443
10567, 10580, 10647, 10738, 10751, 10788, 10814, 10835, 11017, 11037, 11065, 11105, 11149, 11189, 11321, 11404, 11574, 11709, 12032, 12066, 
13667, 13887, 14057, 14670, 14933, 15070, 15119, 15228, 15493, 15840, 15857, 15879, 15947, 15997, 16053, 16090, 16353, 16443, 16452, 16802, 
9740, 10703, 11073, 11417, 11733, 11862, 11889, 11941, 12045, 12069, 12350, 12557, 12691, 12903, 12937, 12964, 13027, 13110, 13247, 13291, 
2261, 2607, 2863, 2945, 3097, 3217, 3314, 3383, 3553, 3987, 4072, 4120, 4153, 4221, 4306, 4475, 4819, 4871, 5620, 5870, 
4104, 5089, 5292, 5376, 5474, 5605, 5646, 5724, 5745, 5853, 5876, 5942, 5965, 6008, 6038, 6107, 6220, 6815, 6853, 7109, 
10781, 11891, 11943, 12123, 12831, 12864, 12917, 12957, 13032, 13089, 13121, 13173, 13299, 13412, 13446, 13461, 13537, 13589, 14107, 14211, 
12107, 14055, 14120, 14154, 14284, 14339, 14459, 14669, 14706, 14794, 14817, 14932, 14991, 15004, 15059, 15117, 15129, 15241, 15322, 15435, 
10550, 10577, 10625, 10743, 10765, 10780, 10817, 10846, 11012, 11027, 11070, 11104, 11132, 11181, 11304, 11408, 11563, 11713, 12040, 12065, 