11735, 12905, 13058, 13090, 13128, 13159, 13221, 13248, 13250, 13284, 13366, 13644, 13669, 13688, 13706, 13741, 13880, 14026, 14076, 14199, 
6242, 6362, 7291, 7337, 7359, 7435, 7569, 7743, 7757, 7784, 7978, 8045, 8092, 8132, 8330, 8486, 8800, 8850, 8929, 9172, 
4334, 4520, 4759, 5137, 5275, 5344, 5395, 5411, 5438, 5475, 5653, 5751, 5887, 5905, 5928, 6116, 6190, 6299, 6315, 6809, 
6687, 6836, 7275, 7331, 7794, 8492, 8783, 8805, 8851, 8885, 8943, 9019, 9169, 9229, 9290, 9366, 9442, 9451, 9561, 9723, 
1344, 1991, 2094, 2149, 2178, 2234, 2548, 3019, 3075, 3213, 3229, 3361, 3389, 3400, 3437, 3547, 3741, 3803, 3919, 4646, 
2230, 2508, 2876, 3353, 3390, 3440, 3535, 3655, 3739, 3887, 4132, 4328, 4490, 4631, 4725, 4769, 4918, 5022, 5484, 5773, 
4348, 4504, 4763, 5134, 5289, 5338, 5386, 5414, 5439, 5492, 5659, 5755, 5881, 5916, 5930, 6107, 6185, 6282, 6323, 6822, 
4352, 5139, 5276, 5355, 5383, 6351, 6380, 6438, 6563, 6812, 7179, 7231, 7298, 7305, 7335, 7558, 7595, 7744, 7763, 8127, 
6242, 6362, 7291, 7337, 7359, 7435, 7569, 7743, 7757, 7784, 7978, 8045, 8092, 8132, 8330, 8486, 8800, 8850, 8929, 9172, 
4334, 4520, 4759, 5137, 5275, 5344, 5395, 5411, 5438, 5475, 5653, 5751, 5887, 5905, 5928, 6116, 6190, 6299, 6315, 6809, 
12957, 13125, 13542, 13887, 13960, 14049, 14093, 14100, 14195, 14383, 14405, 14441, 14622, 14648, 14673, 14795, 14825, 14939, 14971, 15248, 
9493, 10429, 10594, 10794, 10914, 10930, 10978, 11017, 11040, 11089, 11157, 11356, 11483, 11506, 11622, 11706, 11740, 11758, 11987, 12120, 
13201, 13956, 14019, 14044, 14055, 14424, 14796, 14829, 14875, 14905, 15128, 15173, 15630, 15787, 15890, 15901, 15928, 16040, 16483, 16584, 
10778, 11247, 11365, 11479, 11559, 11612, 11736, 11761, 12109, 12317, 12329, 12436, 12466, 12517, 12718, 12906, 12997, 13173, 13243, 13289, 
2232, 2502, 2878, 3359, 3399, 3427, 3549, 3668, 3743, 3882, 4125, 4327, 4480, 4635, 4736, 4760, 4910, 5020, 5494, 5765, 
4349, 4514, 4770, 5145, 5286, 5340, 5382, 5406, 5441, 5487, 5674, 5753, 5898, 5921, 5948, 6102, 6192, 6288, 6301, 6810, 
11735, 12905, 13058, 13090, 13128, 13159, 13221, 13248, 13250, 13284, 13366, 13644, 13669, 13688, 13706, 13741, 13880, 14026, 14076, 14199, 
12961, 13130, 13534, 13898, 13974, 14043, 14078, 14116, 14197, 14388, 14402, 14448, 14611, 14644, 14674, 14798, 14833, 14927, 14956, 15229, 
9475, 10434, 10584, 10775, 10901, 10944, 10994, 11002, 11038, 11094, 11169, 11350, 11490, 11513, 11608, 11702, 11748, 11771, 11985, 12119, 